0 669.9700
1 666.5100
2 665.3400
3 664.8400
4 650.5400
5 654.8300
6 664.2700
7 313.0300
8 666.8500
9 665.9000
10 649.6100
11 665.1500
12 663.6000
13 662.3000
14 665.3600
15 666.3700
16 545.7200
17 663.7200
18 659.0300
19 563.4500
20 665.6300
21 185.7500
22 662.1100
23 286.1300
24 665.8100
25 531.9900
26 651.7700
27 59.3200
28 650.9300
29 668.6100
30 662.0200
31 207.3300
32 658.9000
33 551.0200
34 6.5000
35 79.9400
36 20.0300
37 655.3800
38 663.6700
39 661.3200
40 546.8200
41 463.3700
42 573.8000
43 664.0000
44 663.3500
45 637.3500
46 473.1200
47 666.0600
48 634.4400
49 630.7600
50 535.0800
51 639.2600
52 39.1400
53 666.8300
54 617.7400
55 665.0300
56 666.2800
57 663.7500
58 464.4700
59 657.2200
60 60.0300
61 661.9200
62 7.0400
63 661.7500
64 651.9800
65 665.2600
66 667.9700
67 663.6400
68 663.4600
69 273.3600
70 259.9100
71 253.7700
72 665.0100
73 665.0300
74 668.5000
75 660.0800
76 665.5300
77 278.2400
78 434.0100
79 659.6700
80 649.7800
81 186.1700
82 446.6400
83 670.0200
84 660.5800
85 566.8900
86 86.6300
87 292.2500
88 139.9600
89 631.9300
90 499.2100
91 639.8200
92 506.1200
93 339.3000
94 481.2100
95 181.6700
96 212.8700
97 430.9100
98 532.3100
99 346.6500
100 466.4800
101 32.8200
102 273.9100
103 665.4200
104 664.6000
105 666.5300
106 657.1200
107 373.7700
108 13.4600
109 93.0700
110 306.8100
111 642.0500
112 666.4400
113 459.5400
114 667.7400
115 625.0400
116 657.5800
117 637.9500
118 586.8700
119 664.2200
120 640.5700
121 592.1300
122 260.2200
123 666.8200
124 456.9200
125 606.5300
126 515.8000
127 663.3000
128 27.3200
129 632.2800
130 664.1800
131 606.0900
132 571.3700
133 663.3300
134 668.9900
135 646.5500
136 609.7500
137 567.4400
138 340.2200
139 663.7200
140 627.6000
141 546.1700
142 665.5700
143 467.5900
144 664.8300
145 639.9200
146 651.6000
147 348.5200
148 664.3600
149 665.9400
150 225.0400
151 637.9600
152 603.8000
153 252.1200
154 665.0200
155 426.1200
156 665.7400
157 667.0100
158 140.0400
159 153.9000
160 220.3900
161 640.7000
162 666.5200
163 639.4600
164 658.7600
165 647.9600
166 591.3400
167 665.6200
168 79.5700
169 220.4500
170 510.3300
171 603.9200
172 59.7000
173 645.6100
174 518.5400
175 660.1200
176 500.0600
177 371.0900
178 564.1700
179 180.6400
180 438.6500
181 658.2000
182 665.5700
183 658.8200
184 668.1100
185 585.5700
186 655.6200
187 658.8900
188 645.2400
189 244.8700
190 652.9500
191 645.7300
192 664.3000
193 599.6600
194 573.8500
195 657.0500
196 658.7600
197 667.0200
198 666.2600
199 532.6300
200 537.5700
201 667.0800
202 657.2400
203 665.5800
204 666.9600
205 665.4500
206 450.6500
207 428.4300
208 532.6100
209 659.8600
210 650.8000
211 645.8500
212 226.5300
213 666.5000
214 376.9400
215 632.4900
216 498.9300
217 636.4700
218 642.8900
219 93.9400
220 645.8600
221 598.3000
222 516.5000
223 608.4300
224 281.4300
225 369.0300
226 644.8200
227 664.8400
228 245.0000
229 647.5400
230 551.3600
231 132.2800
232 666.6900
233 20.1900
234 645.9000
235 543.8900
236 669.9000
237 319.2400
238 651.8000
239 665.5000
240 609.4500
241 400.3000
242 664.4500
243 488.3000
244 606.4200
245 566.7400
246 93.1900
247 663.9000
248 578.6500
249 660.7900
250 663.4500
251 645.1500
252 112.5300
253 619.8300
254 658.5300
255 648.2500
256 412.4400
257 591.6400
258 661.7000
259 612.1000
260 451.0600
261 418.5500
262 640.0300
263 612.3400
264 145.8900
265 120.2500
266 666.8000
267 601.5100
268 624.0000
269 653.7000
270 656.1600
271 300.6600
272 566.4900
273 649.3100
274 548.8900
275 126.0200
276 460.7600
277 579.8400
278 438.0500
279 425.4600
280 118.8700
281 667.2700
282 585.9600
283 379.3800
284 553.3600
285 407.6600
286 644.2000
287 391.0400
288 660.7000
289 538.2500
290 667.8900
291 61.3800
292 664.6800
293 260.8400
294 492.1900
295 375.1000
296 574.9000
297 226.5100
298 667.7400
299 67.0700
300 657.6300
301 13.6300
302 616.8200
303 473.7600
304 632.4900
305 665.2800
306 593.2300
307 657.9900
308 516.9300
309 373.0500
310 373.9700
311 655.9200
312 497.3600
313 292.8500
314 46.3300
315 587.3200
316 67.1400
317 20.0800
318 32.6400
319 113.9700
320 659.8600
321 326.0200
322 374.6200
323 277.5300
324 509.3600
325 115.4200
326 666.4500
327 528.2800
328 663.3900
329 168.2100
330 604.3700
331 663.0100
332 664.1600
333 559.8000
334 665.5400
335 652.7700
336 418.4400
337 572.3600
338 657.4700
339 538.0700
340 665.4400
341 294.4400
342 73.3600
343 625.5700
344 345.3400
345 527.2700
346 575.2100
347 606.9800
348 663.5800
349 565.8100
350 597.0600
351 465.6800
352 652.0600
353 666.1700
354 664.8400
355 663.8900
356 210.7600
357 212.2000
358 281.1300
359 494.3000
360 666.9500
361 660.7000
362 601.4100
363 543.0500
364 639.7000
365 526.4600
366 661.0600
367 659.8300
368 398.9300
369 59.4100
370 638.7000
371 622.5600
372 239.3200
373 40.2200
374 20.0400
375 647.5300
376 587.5000
377 666.6600
378 567.3500
379 658.7500
380 662.7100
381 664.8500
382 654.2400
383 166.0800
384 631.8700
385 652.9800
386 507.0100
387 453.5000
388 636.6900
389 618.8500
390 654.3500
391 656.5300
392 658.1000
393 138.7200
394 493.0700
395 665.6300
396 624.3200
397 445.1600
398 360.0000
399 660.6200
400 574.3700
401 667.4600
402 607.0500
403 618.9100
404 570.1600
405 633.0100
406 352.2300
407 665.0900
408 664.9400
409 665.6900
410 665.6600
411 650.4100
412 659.1200
413 286.3200
414 668.0400
415 532.7100
416 139.1900
417 524.5900
418 126.7200
419 665.8500
420 101.7000
421 666.0100
422 107.2400
423 33.4600
424 669.2100
425 637.8900
426 419.6800
427 13.2200
428 662.5100
429 653.2800
430 546.8900
431 661.7800
432 622.0800
433 658.4500
434 527.3300
435 311.7700
436 668.9200
437 398.9300
438 664.3300
439 392.3500
440 493.1200
441 6.4300
442 644.2000
443 657.0700
444 628.7800
445 112.5800
446 662.3600
447 439.8900
448 145.7600
449 178.8500
450 666.0400
451 246.0600
452 173.4000
453 664.1000
454 419.5300
455 328.1000
456 605.3800
457 524.9600
458 536.2300
459 651.8600
460 537.6900
461 33.1500
462 73.3300
463 499.7200
464 527.7600
465 652.5300
466 630.1700
467 664.2900
468 591.5300
469 663.6200
470 656.3000
471 619.5200
472 379.7800
473 559.5500
474 568.9300
475 644.7200
476 663.5400
477 217.9500
478 643.4900
479 631.7600
480 94.5700
481 595.2200
482 635.6500
483 658.3900
484 664.3700
485 666.4700
486 421.2800
487 0.0000
488 652.8600
489 152.9200
490 524.6100
491 413.0400
492 19.9900
493 127.6000
494 532.4400
495 333.4100
496 226.0500
497 318.3100
498 160.7200
499 587.9400
500 457.6700
501 40.3400
502 639.9600
503 193.1400
504 665.6200
505 400.0000
506 214.6800
507 59.6400
508 226.0800
509 611.5200
510 466.7700
511 571.0200
512 665.6100
513 293.1200
514 573.8400
515 172.9200
516 506.4900
517 620.2100
518 13.1700
519 599.4200
520 643.3300
521 105.8400
522 659.0200
523 487.6700
524 604.9600
525 139.9000
526 547.1400
527 618.9100
528 481.7300
529 60.1000
530 87.7600
531 665.9600
532 333.2000
533 372.4500
534 0.0200
535 107.9000
536 99.8800
537 132.3200
538 6.7500
539 427.7000
540 426.8400
541 653.4300
542 631.3800
543 513.2300
544 659.4800
545 239.3000
546 420.5800
547 460.8000
548 667.1000
549 67.4400
550 412.6100
551 664.0400
552 72.8300
553 609.5600
554 650.5800
555 139.4100
556 352.9900
557 414.7300
558 359.2900
559 13.4500
560 636.5800
561 560.6000
562 660.2400
563 661.3500
564 192.3800
565 13.2400
566 392.1000
567 399.4400
568 650.3500
569 500.9200
570 596.9300
571 198.4500
572 649.8300
573 653.6300
574 146.9800
575 86.4200
576 20.2400
577 667.4600
578 452.5600
579 193.8300
580 655.2200
581 326.6300
582 47.5100
583 651.6100
584 663.9100
585 647.0100
586 66.9500
587 664.9600
588 432.6000
589 540.8800
590 333.9900
591 665.2100
592 656.8600
593 657.0700
594 662.3300
595 126.3300
596 212.3400
597 186.9600
598 379.5400
599 518.8100
600 288.3400
601 73.3100
602 489.2400
603 65.7600
604 212.8700
605 473.6400
606 480.4200
607 66.4000
608 40.2600
609 165.5900
610 521.0400
611 451.0900
612 474.5900
613 569.8200
614 53.8700
615 153.4700
616 231.5800
617 192.8200
618 306.2500
619 53.7900
620 567.2800
621 299.0400
622 459.4300
623 432.9900
624 335.1500
625 165.8800
626 515.1200
627 232.9100
628 632.1900
629 467.3200
630 153.2700
631 660.3300
632 391.3500
633 26.7300
634 147.6000
635 452.2000
636 13.0900
637 512.7100
638 6.7000
639 293.8500
640 656.7800
641 666.2600
642 206.5400
643 6.6300
644 540.1100
645 324.2000
646 393.4700
647 359.3000
648 658.1300
649 664.9900
650 214.2600
651 384.6200
652 315.2400
653 651.4500
654 47.0600
655 165.7100
656 643.8800
657 575.6400
658 399.5400
659 338.2400
660 506.8200
661 647.1600
662 651.5500
663 52.8500
664 139.6000
665 378.7700
666 46.5100
667 665.5100
668 287.3800
669 181.3900
670 667.7600
671 607.5600
672 546.1200
673 260.6200
674 603.5400
675 443.6000
676 206.0300
677 578.5300
678 60.0300
679 252.6100
680 353.0500
681 140.6400
682 327.5900
683 6.5500
684 379.9200
685 67.1100
686 661.9100
687 398.5900
688 173.4200
689 200.9500
690 579.5800
691 659.1100
692 193.3600
693 663.6200
694 664.0900
695 528.1500
696 607.6300
697 657.4100
698 254.2100
699 556.8600
700 447.3400
701 295.3100
702 147.7100
703 485.5200
704 539.8700
705 311.2600
706 6.3600
707 272.5200
708 566.5900
709 635.4000
710 399.4900
711 406.0900
712 274.4300
713 167.2900
714 126.8500
715 66.1400
716 87.2700
717 93.5400
718 563.4500
719 476.9900
720 519.0400
721 285.1800
722 433.7000
723 664.8300
724 647.3600
725 318.5800
726 126.7700
727 565.0400
728 650.1500
729 665.9200
730 390.5200
731 304.0600
732 219.9600
733 392.4500
734 19.8200
735 485.1400
736 605.5300
737 127.9700
738 279.3400
739 272.5000
740 629.7200
741 605.9800
742 528.3400
743 640.8400
744 612.5800
745 406.0600
746 345.8200
747 578.8300
748 6.7400
749 298.3400
750 161.5000
751 666.3100
752 66.7100
753 32.8000
754 444.5400
755 665.0700
756 668.1700
757 248.2000
758 107.1400
759 266.1800
760 513.4400
761 226.2200
762 465.9900
763 292.9300
764 533.3300
765 454.1500
766 486.9900
767 132.5500
768 633.3100
769 0.0000
770 165.7400
771 647.8200
772 259.9400
773 345.9400
774 657.4400
775 85.6200
776 274.1400
777 504.7900
778 152.7000
779 664.5000
780 545.4500
781 59.8600
782 67.1300
783 559.3600
784 0.0000
785 606.5400
786 472.6700
787 621.5200
788 0.0000
789 644.0000
790 52.9600
791 385.7600
792 52.8300
793 330.6500
794 542.4700
795 80.0900
796 26.7700
797 180.2600
798 19.5500
799 301.2200
800 565.8300
801 258.5700
802 66.5900
803 145.8600
804 13.2300
805 592.2100
806 13.5100
807 662.7100
808 460.2300
809 607.1100
810 34.1800
811 359.0600
812 225.3500
813 32.6900
814 326.9700
815 140.5900
816 305.2800
817 427.3800
818 487.0100
819 106.9200
820 634.3100
821 650.1400
822 226.9900
823 446.4400
824 92.4200
825 545.7100
826 500.0800
827 141.3500
828 545.2000
829 592.9100
830 536.5100
831 106.6900
832 647.3800
833 664.4300
834 639.7500
835 612.5900
836 523.8200
837 602.7100
838 398.7800
839 655.9000
840 79.3800
841 26.5900
842 33.6300
843 274.1100
844 141.1600
845 325.1400
846 267.8400
847 663.2600
848 399.3800
849 141.1100
850 653.8000
851 299.2600
852 391.6700
853 326.3100
854 633.1100
855 105.6800
856 93.0800
857 145.4900
858 206.2700
859 517.9900
860 519.7400
861 138.6200
862 406.7100
863 334.2500
864 426.4400
865 0.0000
866 167.2700
867 646.2600
868 550.6900
869 660.7500
870 100.0300
871 532.1700
872 207.6000
873 652.3500
874 638.4700
875 224.4300
876 348.0300
877 426.1100
878 340.0300
879 454.0700
880 400.2400
881 587.4500
882 319.5600
883 633.0800
884 654.7700
885 663.6400
886 590.4000
887 570.0300
888 515.8200
889 485.9900
890 79.7900
891 32.9400
892 219.8600
893 303.8600
894 634.0100
895 73.6300
896 166.2900
897 398.9000
898 373.4200
899 400.0100
900 154.2800
901 440.8600
902 107.5300
903 644.3100
904 574.6500
905 19.6400
906 333.7300
907 665.3500
908 26.8000
909 251.8500
910 66.0500
911 599.9200
912 231.3700
913 265.7800
914 6.6900
915 13.4900
916 6.7100
917 47.3800
918 498.1200
919 577.9800
920 119.1100
921 513.7700
922 647.4200
923 485.2100
924 471.6900
925 193.7200
926 426.1100
927 113.3600
928 233.0300
929 201.5300
930 220.8100
931 478.2200
932 428.9500
933 73.4500
934 240.9800
935 154.1900
936 53.4600
937 27.2600
938 93.9000
939 627.7200
940 593.6000
941 633.5000
942 659.4700
943 66.3100
944 652.1900
945 655.3300
946 13.2700
947 246.5900
948 305.7600
949 260.4000
950 46.3500
951 426.7800
952 522.3900
953 535.7400
954 59.7100
955 152.5100
956 650.5100
957 631.6800
958 107.1500
959 208.1100
960 253.4500
961 525.3800
962 107.6000
963 120.5500
964 654.0700
965 404.2700
966 195.3900
967 229.2400
968 47.2500
969 106.8800
970 13.4000
971 432.0700
972 79.0700
973 139.5500
974 237.8900
975 573.4600
976 320.7000
977 193.7200
978 578.5600
979 141.0900
980 584.2900
981 179.7900
982 653.7600
983 200.8800
984 286.4500
985 652.0600
986 174.3100
987 352.0000
988 378.7500
989 420.4500
990 308.2800
991 605.3800
992 333.4400
993 266.8700
994 666.4500
995 647.8500
996 47.4900
997 0.0500
998 92.8300
999 85.7900
1000 260.0800
1001 73.3800
1002 433.4100
1003 449.6400
1004 526.6500
1005 153.0500
1006 127.0400
1007 39.6800
1008 307.9100
1009 133.4800
1010 320.3600
1011 52.8700
1012 237.4000
1013 266.2900
1014 408.6300
1015 285.6600
1016 107.9000
1017 0.0000
1018 182.9000
1019 492.4200
1020 346.6300
1021 73.5500
1022 107.4600
1023 570.6100
1024 292.2500
1025 573.1900
1026 206.8100
1027 13.7700
1028 173.5600
1029 105.8000
1030 92.7900
1031 533.2500
1032 19.9700
1033 582.8600
1034 293.1200
1035 292.7000
1036 498.5000
1037 46.5700
1038 73.8800
1039 268.5300
1040 364.3100
1041 6.5800
1042 612.7500
1043 54.2400
1044 33.9000
1045 352.6900
1046 470.6300
1047 207.9800
1048 6.7600
1049 384.5900
1050 453.5700
1051 78.9500
1052 160.2900
1053 325.2600
1054 39.8800
1055 0.8000
1056 60.1800
1057 295.6400
1058 46.5900
1059 213.1600
1060 80.4500
1061 67.6500
1062 179.5300
1063 20.8400
1064 395.3000
1065 507.8800
1066 506.1200
1067 161.3400
1068 147.3100
1069 308.8700
1070 32.5100
1071 13.5200
1072 119.4800
1073 152.2300
1074 67.3400
1075 13.4500
1076 0.0100
1077 293.5100
1078 13.7100
1079 307.7800
1080 267.0100
1081 253.3400
1082 341.1100
1083 67.4100
1084 26.4600
1085 73.8800
1086 248.2500
1087 173.1100
1088 147.0500
1089 325.9500
1090 13.0000
1091 6.6100
1092 60.1600
1093 160.0100
1094 332.2000
1095 59.9300
1096 151.9800
1097 365.5300
1098 13.2200
1099 228.5800
1100 146.3800
1101 52.4800
1102 6.8400
1103 26.3900
1104 388.1000
1105 19.7600
1106 87.2000
1107 33.6600
1108 94.6800
1109 46.4900
1110 79.4500
1111 466.4100
1112 39.8400
1113 33.9000
1114 19.5400
1115 234.3600
1116 106.3900
1117 34.1000
1118 167.0800
1119 34.9400
1120 0.0100
1121 80.2100
1122 147.5800
1123 239.8200
1124 0.0500
1125 106.8000
1126 67.9500
1127 0.0000
1128 54.5800
1129 20.1700
1130 201.9200
1131 6.8800
1132 0.0400
