0 607.1400
1 714.9900
2 787.6200
3 782.9200
4 788.4900
5 745.6100
6 786.9600
7 496.1300
8 772.3200
9 786.5800
10 786.6300
11 479.3100
12 668.5200
13 786.7100
14 787.4700
15 786.4300
16 480.0100
17 786.3100
18 787.4200
19 778.5600
20 785.7900
21 787.0500
22 749.1100
23 788.2600
24 787.4000
25 779.2600
26 763.0500
27 786.9200
28 165.9600
29 387.0300
30 786.7000
31 497.4200
32 472.0400
33 787.5600
34 229.2700
35 159.0500
36 512.3200
37 783.5200
38 788.1100
39 787.2700
40 707.5500
41 786.3700
42 787.6100
43 778.1100
44 682.6700
45 786.5200
46 685.6700
47 630.3700
48 385.8200
49 786.6000
50 769.0200
51 785.6100
52 403.0300
53 748.2000
54 771.4900
55 786.1100
56 779.2400
57 732.8300
58 787.5700
59 779.3500
60 565.6500
61 786.9600
62 734.0600
63 786.4500
64 787.0300
65 787.2700
66 755.8200
67 760.9800
68 786.8300
69 79.8100
70 646.3600
71 779.3400
72 624.4300
73 740.1900
74 786.7400
75 786.3600
76 165.6100
77 789.9000
78 472.1400
79 456.9100
80 754.7800
81 764.7100
82 401.9700
83 260.9800
84 40.3600
85 260.7700
86 331.5700
87 788.6500
88 118.9700
89 306.6200
90 779.2300
91 681.9000
92 779.6400
93 786.3600
94 1.0100
95 474.0300
96 276.2000
97 348.3600
98 464.8600
99 32.6800
100 754.6200
101 182.7700
102 512.3800
103 707.1400
104 784.8100
105 787.8000
106 784.9100
107 284.1200
108 331.7300
109 598.5600
110 220.7100
111 771.6500
112 694.1600
113 442.3100
114 771.4100
115 785.6900
116 778.2500
117 683.9500
118 394.3000
119 787.7700
120 785.7100
121 103.2700
122 504.8700
123 749.0900
124 190.1100
125 739.0900
126 783.8900
127 769.0800
128 103.4000
129 267.9000
130 722.9700
131 282.9500
132 777.7600
133 660.6200
134 785.8800
135 197.6100
136 783.8300
137 338.5600
138 126.3300
139 786.7600
140 699.2300
141 786.3000
142 786.5100
143 551.5200
144 667.4000
145 763.2900
146 787.1900
147 731.2100
148 722.5600
149 457.4000
150 32.6900
151 785.0200
152 402.5900
153 701.3700
154 786.8800
155 653.2000
156 449.3100
157 489.2300
158 401.1100
159 591.1500
160 715.2900
161 771.0600
162 778.2000
163 188.4800
164 652.4200
165 786.5600
166 779.5600
167 785.5400
168 746.9800
169 283.5800
170 24.5300
171 64.6100
172 95.6600
173 652.3800
174 95.6000
175 715.2200
176 550.7700
177 779.7700
178 361.3800
179 308.1600
180 786.4700
181 786.3900
182 748.1500
183 583.0400
184 763.0600
185 519.5100
186 652.6200
187 747.4600
188 276.1800
189 748.6400
190 780.2000
191 369.9300
192 292.5100
193 764.3700
194 754.7100
195 787.6000
196 772.0100
197 786.6800
198 16.6600
199 762.2200
200 785.7400
201 787.8700
202 714.6200
203 788.0100
204 621.5700
205 410.5400
206 786.6700
207 769.7000
208 212.4400
209 709.2100
210 777.7000
211 677.0700
212 778.4600
213 778.9400
214 676.4400
215 339.7500
216 786.1300
217 787.6200
218 788.7700
219 590.9300
220 716.3200
221 621.5300
222 599.7300
223 180.4900
224 142.5100
225 197.1400
226 574.7400
227 252.0800
228 80.0800
229 418.7100
230 778.4500
231 301.6400
232 785.9100
233 755.1000
234 754.3900
235 662.7900
236 16.7400
237 788.4100
238 733.8400
239 786.0900
240 788.1300
241 190.5200
242 786.7900
243 700.6800
244 699.3400
245 770.6000
246 110.4800
247 788.2900
248 32.5000
249 764.5400
250 786.3700
251 780.4500
252 551.4200
253 786.8700
254 785.5100
255 40.1700
256 221.0800
257 786.7700
258 725.2600
259 614.4500
260 314.2800
261 182.1400
262 401.9500
263 566.7500
264 789.6200
265 283.7600
266 786.0600
267 348.0100
268 739.0700
269 567.6700
270 779.1200
271 402.3700
272 378.8900
273 787.2500
274 788.6700
275 699.4800
276 448.2300
277 197.6300
278 723.0200
279 693.7400
280 32.6100
281 785.4700
282 228.7800
283 135.3600
284 426.3600
285 535.2900
286 769.7600
287 213.6200
288 788.9600
289 786.9200
290 786.5800
291 206.0400
292 752.2800
293 1.0000
294 662.9200
295 747.2400
296 770.5300
297 772.0600
298 229.3600
299 636.8200
300 228.8900
301 505.0800
302 788.7200
303 550.0800
304 770.9400
305 787.8500
306 590.6700
307 772.3700
308 487.1800
309 86.9700
310 55.7900
311 253.0800
312 764.4400
313 770.6000
314 780.5000
315 787.6200
316 236.5200
317 103.5000
318 158.3200
319 64.0100
320 330.6800
321 449.6300
322 143.1900
323 566.4300
324 465.7400
325 318.9800
326 779.8700
327 520.2700
328 786.2100
329 787.8200
330 784.9300
331 786.0100
332 786.2400
333 780.2300
334 747.8200
335 788.6600
336 786.0300
337 787.0700
338 560.5600
339 675.4100
340 784.7100
341 237.2200
342 418.8800
343 723.9600
344 134.6800
345 482.3600
346 778.0600
347 670.1900
348 504.4800
349 285.0100
350 770.0600
351 606.8300
352 701.4200
353 732.0600
354 787.6400
355 787.2300
356 576.2300
357 715.6400
358 543.5800
359 267.6000
360 783.7500
361 786.1800
362 772.3200
363 737.8600
364 691.1300
365 150.1600
366 785.1100
367 339.0000
368 748.8100
369 39.8500
370 786.9300
371 779.9900
372 763.9200
373 16.7300
374 332.2100
375 730.5100
376 739.9700
377 568.3000
378 118.6300
379 550.4000
380 762.9100
381 770.5600
382 785.6700
383 787.0500
384 771.0800
385 775.9300
386 596.4200
387 322.5200
388 787.1600
389 785.6800
390 786.0700
391 354.7800
392 787.6400
393 455.2900
394 205.7200
395 788.0800
396 668.9400
397 638.3200
398 597.8100
399 363.0700
400 724.1100
401 676.7700
402 716.7600
403 766.1600
404 110.6900
405 299.6300
406 786.2400
407 777.9600
408 631.0200
409 771.1200
410 354.7000
411 786.9600
412 786.4900
413 786.8200
414 449.2500
415 779.5600
416 708.6700
417 786.5400
418 788.0600
419 785.5200
420 9.0000
421 512.0900
422 221.1100
423 134.2700
424 755.2000
425 472.9100
426 394.7700
427 205.3400
428 786.5700
429 776.9100
430 784.2400
431 597.1400
432 700.2700
433 785.8100
434 24.6900
435 464.6300
436 9.0200
437 651.6300
438 787.5600
439 505.6800
440 332.0200
441 197.8900
442 653.3600
443 786.0700
444 781.0400
445 394.6700
446 622.2600
447 636.0500
448 142.4500
449 190.1600
450 418.6000
451 788.6300
452 298.7900
453 755.4800
454 513.3300
455 198.0100
456 787.4900
457 786.8900
458 8.5900
459 786.0300
460 276.4000
461 616.0000
462 48.0700
463 746.6200
464 40.5300
465 772.2400
466 786.5000
467 787.7800
468 667.4100
469 779.2200
470 653.2300
471 662.9000
472 519.1600
473 377.1100
474 252.5000
475 605.7400
476 763.6800
477 434.4800
478 715.7200
479 788.0600
480 655.9700
481 692.9500
482 788.1900
483 770.0500
484 283.9500
485 785.9200
486 560.1600
487 355.1500
488 669.5400
489 536.2700
490 527.9300
491 637.7800
492 337.6800
493 63.4100
494 785.9000
495 332.4300
496 723.9300
497 677.5800
498 569.3600
499 738.5000
500 770.3000
501 8.7700
502 787.9000
503 781.7600
504 786.0800
505 605.2800
506 598.0700
507 513.7700
508 111.5000
509 456.6900
510 174.6600
511 724.3800
512 785.3200
513 166.0500
514 243.4300
515 8.6700
516 496.2700
517 629.2100
518 497.6100
519 550.0200
520 440.5900
521 354.7000
522 787.7300
523 244.4500
524 552.0900
525 315.1400
526 670.1400
527 777.2100
528 260.3000
529 48.1600
530 222.5000
531 780.1500
532 237.7200
533 682.7200
534 371.2900
535 110.8700
536 87.4600
537 513.0300
538 32.7000
539 491.3100
540 573.7100
541 582.3400
542 787.6300
543 700.8000
544 787.2400
545 503.6000
546 431.9400
547 244.9300
548 644.4000
549 165.9100
550 677.5700
551 784.8200
552 378.5900
553 441.5900
554 785.3500
555 707.5500
556 95.4900
557 747.7600
558 652.3800
559 599.1200
560 725.0100
561 778.4300
562 732.1300
563 788.1300
564 599.6200
565 663.2500
566 425.9300
567 480.7300
568 378.5300
569 377.2800
570 786.2700
571 711.2600
572 785.4900
573 197.4800
574 40.4300
575 379.5500
576 103.7300
577 354.9000
578 645.4200
579 236.4700
580 118.8000
581 472.8200
582 40.5300
583 787.4000
584 747.7400
585 754.6400
586 315.3100
587 778.6100
588 95.2400
589 354.7900
590 386.3200
591 787.3400
592 95.3900
593 622.4800
594 693.4400
595 151.1900
596 16.7100
597 174.4000
598 347.2400
599 693.9100
600 582.6100
601 552.4700
602 787.2800
603 543.0800
604 197.5200
605 574.4700
606 87.3200
607 181.8800
608 88.2500
609 459.1600
610 628.3500
611 711.0000
612 126.8700
613 510.0600
614 24.8600
615 504.5400
616 253.9700
617 560.5000
618 553.6000
619 600.6500
620 496.6500
621 127.3300
622 228.5800
623 787.6700
624 560.5700
625 243.8100
626 111.6500
627 96.2800
628 150.3800
629 386.0700
630 32.5700
631 292.2100
632 220.9700
633 594.7000
634 56.4100
635 324.0500
636 126.4300
637 8.8000
638 103.4100
639 40.2500
640 622.6000
641 606.0600
642 686.8000
643 253.1900
644 512.0700
645 541.6200
646 487.7300
647 221.9700
648 307.1000
649 785.1200
650 158.7900
651 315.4500
652 1.0000
653 779.7900
654 198.2700
655 480.9600
656 763.7900
657 426.1600
658 686.1500
659 788.0300
660 691.4600
661 786.1100
662 767.6300
663 222.1600
664 700.2800
665 740.4400
666 72.1700
667 654.6900
668 574.7800
669 24.6700
670 63.5600
671 731.5400
672 503.0500
673 694.5600
674 778.6500
675 472.1400
676 8.7900
677 396.4700
678 166.4600
679 497.5800
680 127.1300
681 244.9400
682 426.0000
683 182.3100
684 284.2700
685 56.8600
686 784.6200
687 251.2600
688 661.7300
689 87.3800
690 748.4900
691 691.4900
692 561.2200
693 615.5600
694 723.5400
695 306.7700
696 340.2500
697 771.6700
698 458.2000
699 746.6300
700 685.5300
701 693.2600
702 550.2000
703 692.5700
704 48.2100
705 780.9600
706 647.6500
707 55.9700
708 613.0700
709 575.8800
710 637.8100
711 432.5300
712 214.3500
713 166.2400
714 707.7200
715 88.0300
716 41.0100
717 435.7500
718 772.5100
719 338.2000
720 536.2500
721 425.6800
722 410.1300
723 779.9900
724 788.5900
725 778.8000
726 300.5400
727 220.3200
728 762.9000
729 283.7000
730 718.1700
731 386.9700
732 410.3000
733 583.3700
734 526.3400
735 425.4700
736 723.9300
737 434.3500
738 591.1900
739 16.7800
740 685.0100
741 370.7800
742 731.9200
743 143.1100
744 709.2200
745 189.4600
746 692.0200
747 219.9700
748 561.3300
749 741.0500
750 489.8500
751 520.1100
752 599.0000
753 341.1100
754 662.7000
755 363.3000
756 660.6900
757 191.4400
758 222.1600
759 244.8100
760 354.6600
761 653.9400
762 346.7000
763 385.0700
764 588.4400
765 347.0900
766 340.8700
767 48.2500
768 630.3600
769 64.2400
770 347.6700
771 190.2100
772 591.1700
773 394.6900
774 786.1900
775 103.3700
776 180.9600
777 72.5500
778 126.3200
779 284.6400
780 496.5600
781 393.9100
782 662.4100
783 778.0500
784 1.0300
785 771.8900
786 126.2700
787 663.1100
788 228.0500
789 244.6900
790 1.0000
791 408.9200
792 528.2900
793 392.4500
794 614.9300
795 40.4800
796 371.4500
797 433.8600
798 474.2800
799 205.6500
800 534.1900
801 244.7800
802 128.2200
803 127.4100
804 95.9000
805 119.0800
806 254.0600
807 784.8100
808 756.0700
809 621.9800
810 246.2500
811 181.8800
812 441.1200
813 426.6200
814 424.4100
815 229.4700
816 698.9400
817 529.9100
818 551.0500
819 268.8100
820 574.9400
821 607.6400
822 32.3600
823 644.9400
824 543.4400
825 79.5200
826 393.7700
827 104.5500
828 530.3700
829 463.4600
830 276.6300
831 32.4500
832 771.4300
833 464.1300
834 323.3300
835 416.0200
836 362.7100
837 730.9400
838 306.7700
839 645.7000
840 71.7500
841 72.9500
842 8.8800
843 589.8400
844 307.8600
845 276.1500
846 662.3200
847 786.4400
848 780.5700
849 32.7800
850 700.4800
851 417.1400
852 543.5600
853 410.6400
854 345.8700
855 298.7100
856 464.4300
857 181.4600
858 582.1400
859 653.3200
860 694.4500
861 213.7000
862 151.2400
863 71.7900
864 260.2400
865 9.0000
866 63.7000
867 1.0000
868 213.7300
869 292.0500
870 600.4700
871 157.9200
872 95.1900
873 228.1500
874 607.1000
875 291.4300
876 212.5700
877 480.6100
878 142.7700
879 102.9700
880 465.7300
881 322.1600
882 511.4600
883 756.2000
884 683.8800
885 741.7400
886 323.8400
887 315.0100
888 590.3800
889 732.4600
890 394.3500
891 775.1200
892 431.5300
893 765.8700
894 778.6800
895 748.5400
896 252.5300
897 361.7100
898 497.3200
899 758.2600
900 237.8300
901 708.6800
902 637.5900
903 708.8800
904 440.4700
905 111.1000
906 355.3200
907 732.9500
908 142.5300
909 362.5700
910 24.5300
911 769.2400
912 110.8300
913 63.8500
914 57.0600
915 143.1000
916 16.6600
917 143.8900
918 212.5800
919 716.0700
920 16.7300
921 355.5900
922 534.8800
923 158.8800
924 47.9800
925 425.1600
926 110.6900
927 134.6000
928 473.0600
929 253.3200
930 16.6700
931 354.1800
932 651.7700
933 56.2500
934 32.7900
935 769.2500
936 363.2500
937 236.1800
938 165.2700
939 654.4200
940 544.2100
941 103.7000
942 416.8700
943 103.4500
944 583.0100
945 181.2500
946 245.7600
947 134.8100
948 245.5400
949 348.0100
950 330.9800
951 205.8100
952 228.2300
953 693.8600
954 190.7100
955 347.4900
956 755.4700
957 786.6400
958 472.7600
959 419.5500
960 378.7200
961 260.9000
962 724.5200
963 32.3600
964 732.4200
965 149.8000
966 71.7500
967 293.0000
968 111.3800
969 1.0000
970 127.1600
971 266.6800
972 167.0600
973 299.5800
974 244.3200
975 755.6000
976 236.0600
977 252.8500
978 473.0000
979 561.8500
980 699.1400
981 95.8900
982 787.1200
983 189.5500
984 518.7100
985 544.2600
986 238.2300
987 621.8000
988 435.1700
989 511.3600
990 79.0800
991 551.3000
992 228.5700
993 150.5100
994 786.0500
995 747.5200
996 72.8400
997 24.8800
998 135.7700
999 8.8700
1000 495.6300
1001 393.6600
1002 597.7800
1003 605.5900
1004 739.7500
1005 174.7700
1006 307.5800
1007 354.3900
1008 253.6500
1009 150.2500
1010 134.8200
1011 24.6900
1012 340.3000
1013 560.4400
1014 1.0000
1015 111.4700
1016 248.3000
1017 1.4600
1018 89.5100
1019 693.3100
1020 190.0600
1021 481.1000
1022 734.0500
1023 276.0100
1024 300.4500
1025 637.3700
1026 639.4200
1027 32.4800
1028 246.1800
1029 409.6700
1030 362.5600
1031 441.5900
1032 24.6700
1033 760.7600
1034 613.4500
1035 739.2600
1036 669.8900
1037 213.6700
1038 56.1000
1039 174.2600
1040 607.1900
1041 244.8900
1042 197.6700
1043 40.8200
1044 213.9000
1045 306.7700
1046 354.0100
1047 355.1700
1048 96.3600
1049 559.7600
1050 510.9600
1051 142.8500
1052 747.9600
1053 677.2300
1054 214.3500
1055 1.0100
1056 1.0000
1057 243.6900
1058 110.9000
1059 71.4600
1060 102.9700
1061 56.5600
1062 502.8500
1063 1.0200
1064 699.3900
1065 763.1500
1066 631.4800
1067 192.2900
1068 739.8900
1069 631.4400
1070 71.8900
1071 9.0100
1072 56.3900
1073 648.2300
1074 143.7400
1075 16.7700
1076 8.9200
1077 465.0900
1078 111.5900
1079 269.6400
1080 24.8400
1081 64.1300
1082 103.7700
1083 87.5200
1084 40.7600
1085 64.7300
1086 79.7500
1087 301.4400
1088 158.4600
1089 150.6700
1090 16.7500
1091 64.9200
1092 8.6300
1093 449.4000
1094 198.2600
1095 16.4800
1096 198.9700
1097 653.7300
1098 24.8400
1099 252.4900
1100 71.5800
1101 16.6600
1102 1.1300
1103 1.0000
1104 726.7800
1105 48.7100
1106 71.5900
1107 361.7200
1108 72.0500
1109 55.8100
1110 32.6500
1111 393.7800
1112 119.8200
1113 236.7300
1114 119.3100
1115 228.3200
1116 230.3100
1117 8.9800
1118 135.3800
1119 119.3600
1120 1.0200
1121 95.5100
1122 64.8300
1123 56.1200
1124 1.0100
1125 48.4800
1126 32.4700
1127 16.8000
1128 87.5200
1129 24.5300
1130 135.0800
1131 25.3000
1132 1.0000
